27 0.324540 0.297710 0.047983 0.032526
27 0.289687 0.383339 0.025066 0.045802
27 0.496419 0.384335 0.030795 0.050448
27 0.658152 0.448224 0.030556 0.039496
27 0.660778 0.492035 0.030556 0.032858
27 0.634638 0.383837 0.018859 0.046797
27 0.702554 0.301693 0.039628 0.048457
27 0.778587 0.432127 0.045118 0.027215
30 0.567797 0.349817 0.068513 0.019914
30 0.768919 0.246100 0.047744 0.028211
30 0.714490 0.479091 0.036763 0.027547
30 0.574958 0.483737 0.054190 0.021573
1 0.566603 0.426817 0.022201 0.033190
1 0.850680 0.287587 0.046073 0.068038
