24 0.320709 0.113901 0.220910 0.053233
10 0.619528 0.115302 0.168779 0.102155
10 0.340438 0.742134 0.164747 0.072629
1 0.310196 0.270259 0.079493 0.035345
3 0.543203 0.219289 0.085253 0.067026
12 0.212990 0.379203 0.086118 0.073060
1 0.238047 0.527371 0.071141 0.045690
16 0.630040 0.401401 0.139113 0.097198
25 0.720334 0.474569 0.067972 0.051293
8 0.520161 0.583297 0.071429 0.045474
11 0.346918 0.338039 0.124136 0.136422
11 0.599078 0.259267 0.097350 0.130603
11 0.507344 0.806034 0.131048 0.139655
22 0.273041 0.615086 0.110023 0.079310
22 0.605559 0.917026 0.110887 0.081466
9 0.285570 0.853448 0.155818 0.100000
9 0.498416 0.511853 0.162730 0.062931
4 0.379032 0.647629 0.082373 0.078879
4 0.432028 0.886207 0.081221 0.078017
