9 0.559764 0.533728 0.165035 0.068319
9 0.352391 0.882112 0.148906 0.101293
4 0.498560 0.912931 0.084101 0.068966
4 0.443116 0.667780 0.084389 0.082112
1 0.346630 0.280819 0.062500 0.041810
1 0.289026 0.556142 0.072869 0.051509
3 0.601238 0.217888 0.083813 0.062931
22 0.332949 0.640086 0.100230 0.068966
22 0.685196 0.936099 0.107143 0.073491
12 0.255472 0.397198 0.088134 0.073276
25 0.791619 0.485453 0.065956 0.050216
8 0.589142 0.603772 0.071717 0.043319
10 0.677563 0.110345 0.169067 0.102155
10 0.406106 0.767996 0.170507 0.070474
16 0.690236 0.417241 0.122408 0.093966
24 0.353111 0.109159 0.235599 0.053233
11 0.400058 0.349784 0.131336 0.142672
11 0.662730 0.261315 0.099078 0.142457
11 0.578341 0.820259 0.132488 0.138793
