24 0.322437 0.100108 0.223214 0.051940
10 0.631624 0.107328 0.169931 0.099569
16 0.635081 0.394073 0.127880 0.092457
25 0.732575 0.461207 0.064228 0.052155
8 0.533698 0.572953 0.081221 0.042026
10 0.357143 0.731573 0.188940 0.077802
12 0.220766 0.365302 0.089574 0.071121
3 0.557604 0.203233 0.086982 0.064655
1 0.314516 0.261315 0.080069 0.050216
1 0.244240 0.517996 0.077765 0.056250
22 0.282690 0.603879 0.105703 0.081034
22 0.626872 0.908513 0.118952 0.084267
9 0.506912 0.500862 0.183756 0.074569
9 0.306740 0.846983 0.183756 0.113362
4 0.444556 0.874246 0.091878 0.095043
4 0.391705 0.637608 0.091590 0.093750
11 0.356135 0.325323 0.131048 0.143750
11 0.609591 0.248060 0.096486 0.137069
11 0.520305 0.786961 0.136809 0.150216
