advance_to_contact_otse_k 302 108 298 339 301 432 303 533 71 271
advance_to_contact_otse_l 375 108 339 415 336 525 86 329
advance_to_contact_parem_n 357 176 212 339 183 414 178 480 100 217
advance_to_contact_parem_y 506 194 288 260 199 359 129 536 342 46
advance_to_contact_vasak_n 217 90 297 254 334 344 339 439 122 270
advance_to_contact_vasak_y 114 214 381 287 486 468 498 667 225 419
attack_otse_k 254 60 236 330 242 468 64 230
attack_otse_l 278 50 251 366 241 529 69 267
attack_parem_n 428 82 246 254 203 358 198 495 194 73
attack_parem_y 479 173 257 240 196 326 176 495 324 68
attack_vasak_n 117 76 269 218 304 316 300 444 105 226
attack_vasak_y 64 191 341 280 372 410 356 608 177 355
counterattack_otse_k 247 42 238 326 238 437 55 224
counterattack_otse_l 264 77 280 327 284 481 33 275
counterattack_parem_n 408 64 213 265 166 359 143 497 147 86
counterattack_parem_y 536 201 276 259 194 357 128 511 357 28
counterattack_vasak_n 122 55 269 212 290 286 283 388 67 256
counterattack_vasak_y 66 186 372 324 426 460 424 654 160 412
main_attack_otse_k 253 39 209 322 192 518 88 228
main_attack_otse_l 297 56 282 302 282 426 56 208
main_attack_parem_n 388 57 210 232 178 296 176 396 120 132
main_attack_parem_y 475 218 264 253 183 360 140 567 362 63
main_attack_vasak_n 111 40 267 208 293 299 288 407 93 245
main_attack_vasak_y 41 128 365 301 428 427 456 639 162 372