otse_k2 224 62 26 216 211 264 203 370
otse_k3 252 78 36 214 213 286 198 430
otse_k4 167 34 28 117 176 180171 317
otse_k5 209 87 30 197 173 240 162 324
otse_k6 237 34 21 151 193 213 182 327
otse_k7 227 51 36 261 263 291 254 427
otse_k8 197 47 32 143 152 214 158 401
otse_k9 196 60 26 214 164 256 176 366
otse_k10 190 73 76 241 177 284 186 397
otse_k11 323 13 27 225 290 275 272 569
otse_l1 231 86 28 201 200 254 187 356
otse_l2 143 35 18 168 165 208 185 326
otse_l3 199 34 22 225 240 277 243 471
otse_l4 209 43 10 233 202 314 193 506
otse_l5 207 70 30 243 229 280 223 388
otse_l6 201 40 14 145 215 302 207 504
otse_l8 177 36 56 244 193 277 201 386
otse_l9 215 75 32 249 212 277 210 379
otse_l10 296 45 35 248 293 301 290 500
parem_n1 269 88 52 121 163 220 130 337
parem_n2 308 104 72 81 143 212 80 349
parem_n3 307 153 66 104 153 260 136 379
parem_n4 390 40 102 103 180 271 110 466
parem_n5 408 31 105 62 185 265 107 448
parem_n6 348 28 126 51 156 227 90 344 77 504
parem_n7 221 39 81 41 125 141 99 206 87 298
parem_n8 276 28 101 55 102 191 67 300
parem_n9 464 156 205 56 244 264 182 357 134 510
parem_n10 480 53 166 90 269 248 216 353 175 505
parem_y1 358 142 127 76 167 225 137 294 135 379
parem_y2 564 156 438 31 287 166 138 284 110 420
parem_y3 598 202 476 36 308 196 161 315 145 459
parem_y4 449 209 302 39 206 206 127 317 126 425
parem_y5 425 169 283 29 201 201 127 312 107 440
parem_y6 333 116 218 27 156 155 96 234 62 360
vasak_n1 76 82 55 273 274 305 305 524
vasak_n2 92 103 98 265 305 284 345 496
vasak_y1 33 80 85 291 194 190 244 268 247 352
vasak_y2 91 97 224 435 406 270 455 391 461 536