otse_k1 209 172 26 300 209 350 199 466
otse_k2 186 223 20 346 195 402 192 490
otse_k3 243 171 44 343 230 388 219 488
otse_k4 315 119 166 298 318 351 308 499
otse_k6 217 115 110 271 204 328 207 434
otse_k8 247 147 91 299 214 333 220 452
otse_k9 221 99 53 230 211 280 200 397
otse_k10 292 139 145 299 284 361 287 487
otse_k11 175 177 15 290 159 346 157 428
otse_l1 247 138 45 305 231 340 224 472
otse_l2 253 162 122 356 298 406 310 634
otse_l3 252 216 39 499 238 577 208 799
otse_l4 181 91 56 223 181 308 172 483
otse_l5 230 139 46 260 191 333 183 466
otse_l6 299 84 140 230 280 268 269 380
otse_l7 429 197 198 621 471 819 468 1330
otse_l8 248 164 97 304 254 361 242 570
otse_l9 267 173 70 307 240 354 232 499
otse_l11 382 142 129 296 361 373 354 567
parem_n1 340 186 77 217 170 386 117 527
parem_n2 256 212 40 186 134 376 127 514
parem_n3 425 168 87 359 185 584 123 853
parem_n4 371 309 106 348 155 594 106 976
parem_n5 472 294 237 285 187 544 119 857
parem_n6 500 187 206 182 236 391 158 605
parem_n7 489 152 217 174 261 377 203 607
parem_y1 287 269 68 190 126 358 95 421 87 528
parem_y2 325 189 200 68 150 228 102 308 79 434
parem_y3 347 249 160 48 118 250 75 332 59 498
parem_y4 571 261 392 146 263 310 144 425 131 634
parem_y5 594 297 431 158 317 365 188 539 183 820
parem_y6 646 238 466 117 325 275 129 421 91 622
parem_y7 479 204 382 92 240 206 132 331 115 522
vasak_n1 162 103 104 310 262 237 312 353 328 506
vasak_n2 205 93 161 316 332 300 389 430 381 595
vasak_n4 215 87 117 270 320 293 342 439
vasak_y1 202 234 232 430 432 339 514 511 488 726
vasak_y2 91 165 190 382 335 226 446 362 434 516
vasak_y3 111 214 226 424 379 286 486 470 500 668