otse_k1 273 36 114 273 274 372 273 562
otse_k2 261 43 75 269 255 325 250 509
otse_k3 287 8 120 214 255 297 240 538
otse_k4 237 34 68 217 215 307 213 519
otse_k5 238 13 97 191 226 240 226 405
otse_k6 199 8 44 271 220 411 259 730
otse_l1 279 45 75 249 249 331 242 522
otse_l2 249 61 38 319 255 426 263 783
otse_l3 186 56 48 205 158 239 135 354
otse_l4 253 20 62 321 283 424 282 711
otse_l5 210 54 63 203 182 236 182 348
otse_l6 213 61 76 245 234 301 233 417
otse_l7 177 36 32 188 175 214 177 319
otse_l8 207 9 35 238 197 349 174 663
otse_l9 200 20 29 233 166 287 176 404
otse_l10 190 19 50 194 189 239 202 354
otse_l11 200 76 56 295 232 339 236 449
otse_l12 151 49 48 181 163 223 160 323
otse_l13 305 8 24 384 339 455 348 641
otse_l14 190 29 45 201 179 253 175 358
otse_l15 278 14 92 251 283 385 281 687
otse_l16 270 28 86 258 265 353 257 612
parem_n1 223 60 61 75 135 266 96 375
parem_n2 289 48 108 131 127 233 99 360
parem_n3 439 50 217 98 218 288 193 458
parem_n4 482 53 232 90 202 276 132 458
parem_n5 313 77 107 171 162 280 130 402
parem_n6 520 20 298 62 219 355 95 789
parem_n7 531 27 253 23 193 307 102 595
parem_n8 516 105 243 113 248 333 187 524
parem_y1 550 89 319 16 225 251 143 381 120 547
parem_y2 446 106 335 20 170 181 90 318 89 524
parem_y3 648 242 428 22 272 313 165 467 132 703
parem_y4 596 169 408 16 224 207 126 368 157 650
vasak_n1 132 41 101 277 307 309 325 530
vasak_n2 62 98 100 284 297 324 305 536
vasak_y1 101 129 224 283 351 215 400 332 381 570
vasak_y2 28 102 142 223 246 148 325 254 355 436
vasak_y3 43 127 161 371 324 251 411 377 455 643