otse_k1 237 42 8 189 211 236 203 387
otse_k2 257 69 27 215 221 260 216 387
otse_k3 274 71 34 224 262 298 250 501
otse_k4 240 11 37 137 213 220 201 422
otse_k5 238 73 26 229 220 268 219 364
otse_k6 188 62 24 273 198 311 198 492
otse_k7 158 31 68 189 159 212 164 294
otse_k8 196 40 14 215 193 312 167 512
otse_k9 273 20 24 217 243 309 237 562
otse_k10 246 100 29 191 169 276 145 382
otse_l1 199 39 22 175 150 219 128 336
otse_l2 315 94 68 244 274 306 267 500
otse_l3 191 18 22 164 200 225 188 355
otse_l4 291 18 40 249 252 325 217 668
otse_l5 285 54 37 254 277 327 287 530
otse_l6 205 14 33 328 269 389 275 754
otse_l7 238 56 63 219 230 290 224 397
otse_l8 237 12 82 320 267 422 227 730
otse_l9 235 25 36 245 235 281 225 376
otse_l10 219 14 27 171 229 225 229 345
otse_l11 225 96 41 237 211 258 212 344
otse_l12 189 45 64 208 214 242 208 365
otse_l14 234 55 19 249 217 287 216 390
parem_n1 299 133 85 39 139 197 100 250 85 343
parem_n2 246 76 57 150 149 269 123 369
parem_n3 483 82 183 76 229 298 176 476
parem_n4 637 104 303 24 269 378 162 851
parem_n5 491 15 68 139 280 402 201 845
parem_n6 324 6 78 54 192 244 117 477
parem_n7 538 82 246 95 234 324 142 547
parem_y1 360 178 200 41 150 216 115 276 93 403
parem_y2 677 156 441 11 331 218 196 343 114 528
parem_y3 813 263 602 17 341 240 179 424 171 755
parem_y4 645 166 441 14 239 235 145 378 109 612
parem_y5 549 181 303 24 178 313 111 519
vasak_n1 166 33 81 239 303 320 311 540
vasak_n2 112 87 124 253 319 278 344 495
vasak_y1 86 130 172 321 361 253 396 528
vasak_y2 69 212 194 350 324 269 404 393 400 569