303 130 133 254 94 346 77 546 177 120
349 153 33 7 31 302
305 15 133 152 90 251 77 462 173 8
241 7 85 131 399 132
423 6 423 300 7 153
331 46 328 270 16 159
290 4 290 206 4 103
161 149 161 289
168 151 6 104
318 19 139 152 97 251 78 465 185 8
265 43 10 75 521 75
15 349 476 348 476 16
147 195 7 150
193 197
143 29 143 221 348 27
5 80 387 80
385 54 15 104 765 194
143 148 4 103
289 8 126 145 80 243 69 422 159 5
124 124
247 218 43 144
360 5 360 255 5 130
258 270 68 206
5 269 371 270 371 6
382 22 9 72 763 72
194 207 15 151
104 89 564 398 406 153
77 112 353 112 56 4 374 4
135 123
5 7 331 194 176 33
6 252 353 252 353 5