24 0.353399 0.124246 0.233295 0.061853
10 0.664603 0.124569 0.168491 0.101724
10 0.390409 0.759698 0.165611 0.065948
11 0.393001 0.351509 0.131048 0.140086
11 0.647321 0.269935 0.104551 0.142026
11 0.560628 0.813901 0.132200 0.142026
1 0.346486 0.284591 0.062788 0.042888
1 0.293635 0.543642 0.086118 0.052371
12 0.253168 0.394720 0.088710 0.073922
22 0.318260 0.630927 0.095046 0.069181
22 0.658122 0.928341 0.118088 0.078664
3 0.589430 0.226940 0.078629 0.062500
4 0.440668 0.667457 0.093318 0.086207
4 0.482863 0.909267 0.085541 0.072845
16 0.675403 0.423384 0.145737 0.113147
25 0.773329 0.486746 0.066244 0.052371
8 0.577909 0.599892 0.068260 0.043750
9 0.554868 0.526078 0.180588 0.066379
9 0.335974 0.866703 0.141993 0.094181
