19 0.473346 0.303692 0.026788 0.040114
19 0.851862 0.462726 0.044468 0.066383
3 0.462898 0.373447 0.019287 0.032659
3 0.464908 0.412851 0.020627 0.024849
3 0.490222 0.346290 0.025717 0.033724
2 0.530405 0.383919 0.050897 0.037984
27 0.662604 0.410721 0.037771 0.060348
27 0.698098 0.376287 0.027324 0.039049
27 0.844361 0.501775 0.025717 0.020234
27 0.862577 0.501952 0.027860 0.032659
27 0.879855 0.470359 0.022770 0.028399
2 0.781811 0.402378 0.119207 0.052183
27 0.207608 0.058928 0.031610 0.024849
27 0.256094 0.072595 0.032146 0.039404
