1 0.232575 0.545797 0.075749 0.054095
10 0.631624 0.111853 0.167051 0.106466
16 0.636953 0.413039 0.122984 0.095905
9 0.508353 0.523599 0.168203 0.060560
1 0.297235 0.273168 0.058756 0.042026
24 0.308468 0.103772 0.232719 0.049784
4 0.388969 0.663039 0.091878 0.083405
10 0.346054 0.757112 0.176555 0.074138
4 0.433900 0.903987 0.100518 0.079095
11 0.515841 0.818103 0.131336 0.142241
9 0.292627 0.874030 0.147465 0.103664
8 0.530674 0.599677 0.069412 0.044181
11 0.612183 0.257974 0.101094 0.139655
22 0.272465 0.632328 0.101382 0.075000
25 0.735599 0.483190 0.063364 0.051724
22 0.617800 0.933621 0.117512 0.081897
12 0.204781 0.387823 0.085829 0.073922
11 0.348790 0.340841 0.133065 0.140733
3 0.551987 0.214871 0.082085 0.059914
