9 0.553139 0.503879 0.155818 0.065517
9 0.349942 0.842026 0.138825 0.100000
4 0.493808 0.873491 0.079205 0.070259
4 0.443260 0.632004 0.077189 0.079095
22 0.330501 0.605819 0.097062 0.071121
11 0.399338 0.326509 0.125288 0.140517
11 0.652362 0.244073 0.095622 0.135991
11 0.570997 0.780388 0.127592 0.136638
1 0.351526 0.260237 0.061348 0.041164
1 0.296227 0.522414 0.067684 0.049138
10 0.403226 0.729634 0.164171 0.069612
10 0.668347 0.103448 0.162730 0.097845
8 0.580213 0.572629 0.066532 0.043534
25 0.774626 0.458944 0.063076 0.050216
3 0.592598 0.200431 0.076325 0.058621
24 0.363335 0.099461 0.225518 0.052371
12 0.261665 0.370151 0.082661 0.068319
16 0.678283 0.391810 0.121544 0.093534
