16 0.620248 0.414547 0.116647 0.093750
11 0.502592 0.807759 0.127880 0.141379
9 0.493664 0.519289 0.154378 0.057112
24 0.310340 0.119720 0.225518 0.047629
1 0.232719 0.540302 0.068548 0.053017
9 0.286146 0.860884 0.147753 0.105388
10 0.618232 0.129095 0.161002 0.101724
1 0.296227 0.278879 0.056740 0.040948
12 0.208957 0.388470 0.083813 0.070043
11 0.598214 0.264763 0.096774 0.132543
11 0.344614 0.343427 0.127016 0.133405
10 0.337414 0.748060 0.173675 0.071983
8 0.519297 0.592672 0.061060 0.041379
4 0.378744 0.658728 0.081221 0.078233
25 0.718174 0.482543 0.064804 0.050431
22 0.268577 0.623815 0.097638 0.071336
4 0.422955 0.891703 0.099942 0.085129
3 0.539603 0.226509 0.079781 0.055603
