9 0.297091 0.877047 0.194988 0.123922
1 0.264545 0.487069 0.074021 0.046983
1 0.331653 0.259914 0.063652 0.048276
12 0.231855 0.369504 0.082949 0.065302
8 0.565668 0.587284 0.058180 0.038793
10 0.641993 0.073384 0.127880 0.084267
9 0.502880 0.524030 0.153226 0.082543
11 0.363191 0.339440 0.117512 0.112931
11 0.640121 0.255388 0.077477 0.100862
25 0.755328 0.477694 0.076325 0.050216
4 0.446285 0.893319 0.099942 0.075862
4 0.391993 0.657220 0.085253 0.073060
22 0.272609 0.616595 0.100518 0.074138
22 0.627304 0.928664 0.087558 0.075862
11 0.537442 0.791918 0.157834 0.135991
10 0.359447 0.738470 0.177419 0.060991
16 0.724654 0.370474 0.179147 0.105603
3 0.553283 0.207974 0.059332 0.049138
24 0.320997 0.116379 0.216878 0.038793
