24 0.313364 0.114009 0.235023 0.053879
10 0.627160 0.122629 0.178283 0.104741
10 0.331221 0.746552 0.170507 0.068534
1 0.297091 0.283190 0.076901 0.048276
3 0.546227 0.223815 0.088998 0.062716
16 0.620968 0.419612 0.131336 0.099138
25 0.714718 0.487177 0.069988 0.060129
8 0.522465 0.594289 0.070853 0.044181
1 0.231279 0.541164 0.069124 0.058190
12 0.204205 0.385453 0.093318 0.074784
11 0.345334 0.342672 0.134793 0.142241
11 0.602103 0.267457 0.108007 0.137500
11 0.498128 0.800323 0.126440 0.153233
9 0.486895 0.525754 0.165611 0.074353
9 0.278082 0.859806 0.157546 0.099784
4 0.369672 0.652909 0.093030 0.082112
4 0.419787 0.901832 0.099366 0.088147
22 0.266993 0.620905 0.104263 0.074569
22 0.594326 0.918319 0.105127 0.075431
