11 0.524050 0.807220 0.136809 0.149784
3 0.526498 0.221983 0.065092 0.052586
9 0.282114 0.875108 0.184044 0.118750
24 0.292771 0.108405 0.176555 0.050431
1 0.237039 0.500216 0.064516 0.047414
10 0.623272 0.075323 0.137673 0.064009
9 0.484591 0.497737 0.131048 0.065302
16 0.644297 0.394935 0.123848 0.070474
10 0.336982 0.720151 0.164747 0.048491
11 0.360887 0.318319 0.136521 0.123707
25 0.715582 0.486099 0.063652 0.050647
22 0.606135 0.926078 0.101671 0.068103
4 0.432028 0.898922 0.107719 0.087500
12 0.216014 0.358836 0.080069 0.077155
8 0.537730 0.578987 0.069700 0.050216
11 0.602679 0.260129 0.084389 0.103448
22 0.263105 0.609806 0.105703 0.082974
4 0.369960 0.635237 0.067108 0.068319
1 0.317540 0.230711 0.064228 0.046767
